0.052656,	22.575059
0.082677,	22.652571
0.113147,	22.786017
0.143990,	22.815595
0.174291,	22.741537
0.203809,	22.591696
0.234077,	22.787919
0.263286,	22.625851
0.294030,	22.596828
0.324047,	22.675977
0.353197,	22.527184
0.384105,	22.742627
0.412934,	22.530122
0.442095,	22.535832
0.472387,	22.740469
0.502540,	22.579211
0.533088,	22.729352
0.562109,	22.641321
0.591746,	22.544007
0.622499,	22.743222
0.652147,	22.623129
0.681306,	22.544053
0.711131,	22.681641
0.739974,	22.543729
0.769801,	22.642602
0.799405,	22.641059
0.829136,	22.491953
0.859483,	22.762146
0.888612,	22.648586
0.918222,	22.505754
0.947942,	22.621415
0.977591,	22.503899
1.007383,	22.621181
1.039619,	22.657242
1.068793,	22.516605
1.098766,	22.761338
1.128047,	22.544783
1.157396,	22.528571
1.187621,	22.700068
1.217392,	22.580849
1.248540,	22.609281
1.277321,	22.601723
1.306890,	22.511738
1.336703,	22.770297
1.365921,	22.543988
1.394688,	22.539350
1.424960,	22.749919
1.454248,	22.559681
1.483855,	22.551054
1.513968,	22.717703
1.543046,	22.565366
1.572368,	22.741565
1.601947,	22.678974
1.631290,	22.524467
1.661661,	22.694383
1.691128,	22.562924
1.720262,	22.537488
1.749854,	22.692489
1.778684,	22.583030
1.808712,	22.730732
1.838004,	22.670027
1.866828,	22.550749
1.896911,	22.783301
1.926444,	22.660512
1.956212,	22.594132
1.986360,	22.713652
2.014389,	22.582508
2.044163,	22.834580
2.074808,	22.789520
2.103997,	22.628240
2.133205,	22.596022
2.162994,	22.738845
2.195412,	22.533940
2.224651,	22.575481
2.254554,	22.763206
2.283948,	22.539385
2.313696,	22.719577
2.342481,	22.502208
2.371973,	22.532350
2.401482,	22.718746
2.430952,	22.563782
2.460364,	22.512776
2.489429,	22.690609
2.519062,	22.555097
2.549442,	22.754044
2.579415,	22.554535
2.608719,	22.567566
2.638744,	22.684921
2.667689,	22.554836
2.697955,	22.566734
2.727620,	22.661350
2.756604,	22.522836
2.786454,	22.752939
2.815854,	22.524734
2.844634,	22.559957
2.874498,	22.707128
2.904228,	22.510118
2.933592,	22.577321
2.964004,	22.707673
2.993645,	22.579792
3.023618,	22.690837
3.053646,	22.562390
3.083367,	22.530432
3.113309,	22.727732
3.141842,	22.558100
3.172021,	22.572161
3.202293,	22.725862
3.231753,	22.534490
3.262528,	22.601688
3.292767,	22.752659
3.324854,	22.548835
3.354686,	22.740716
3.383478,	22.533104
3.412479,	22.570277
3.442598,	22.763256
3.471964,	22.574012
3.501572,	22.566479
3.531356,	22.636172
3.560878,	22.511456
3.590645,	22.764856
3.619936,	22.497631
3.649477,	22.627433
3.678965,	22.715002
3.709270,	22.566755
3.739505,	22.540960
3.769413,	22.640723
3.799064,	22.517395
3.829857,	22.743471
3.858907,	22.555635
3.888454,	22.598162
3.918481,	22.735066
3.948446,	22.575424
3.978592,	22.574875
4.008141,	22.750511
4.037118,	22.519319
4.066968,	22.725286
4.096407,	22.567309
4.125025,	22.592505
4.155031,	22.730184
4.184761,	22.619286
4.214552,	22.724676
4.244436,	22.768376
4.274453,	22.788986
4.305199,	22.819663
4.334569,	22.821565
4.363988,	22.711767
4.393687,	22.519318
4.423615,	22.753486
4.453216,	22.589237
4.486399,	22.640752
4.516734,	22.720717
4.546207,	22.613359
4.576103,	22.767045
4.605349,	22.560782
4.635709,	22.637742
4.665679,	22.721211
4.695375,	22.543445
4.724813,	22.585450
4.754527,	22.751886
4.783902,	22.625287
4.813624,	22.761637
4.842679,	22.688229
4.872132,	22.599808
4.902209,	22.796630
4.931155,	22.612819
4.959977,	22.586574
4.990085,	22.809632
5.019539,	22.717487
5.049036,	22.581907
5.079345,	22.789295
5.108565,	22.679510
5.138392,	22.631574
5.167910,	22.793423
5.196963,	22.644298
5.226893,	22.918479
5.255814,	22.728348
5.284948,	22.782868
5.315042,	22.903858
5.344923,	22.845286
5.374316,	22.845797
5.403663,	22.906577
5.432246,	22.811128
5.462628,	23.032524
5.492188,	22.795894
5.521265,	22.827678
5.551551,	22.996973
5.580582,	22.828760
5.609875,	22.899037
5.642075,	23.010342
5.671481,	22.973682
5.702112,	23.160792
5.730233,	22.966409
5.760610,	22.921560
5.789823,	23.159455
5.819109,	23.017440
5.849458,	23.188279
5.878966,	23.066875
5.908601,	23.134528
5.939192,	23.283970
5.968895,	23.190195
5.998674,	23.240248
6.028460,	23.400688
6.058278,	23.290287
6.087990,	23.512280
6.116753,	23.383914
6.147476,	23.672666
6.178095,	23.711933
6.207811,	23.609824
6.237489,	23.452732
6.267214,	23.644920
6.297077,	23.481866
6.327507,	23.638687
6.356458,	23.604909
6.385788,	23.617525
6.415526,	23.694492
6.444874,	23.508032
6.474812,	23.504211
6.504866,	23.655534
6.533575,	23.489491
6.562406,	23.463092
6.591501,	23.642208
6.620707,	23.456010
6.650229,	23.577711
6.679113,	23.568472
6.708783,	23.497383
6.739094,	23.666405
6.771252,	23.490872
6.800912,	23.494439
6.830766,	23.639808
6.860051,	23.580203
6.890134,	23.582608
6.919539,	23.735968
6.948833,	23.619449
6.979017,	23.886761
7.008243,	23.659714
7.037379,	23.762771
7.067485,	24.115503
7.097174,	23.946607
7.127653,	24.110163
7.157082,	24.034809
7.186605,	24.089694
7.217074,	24.249476
7.246772,	24.200948
7.276411,	24.288894
7.305973,	24.435844
7.335280,	24.349128
7.365142,	24.594351
7.394076,	24.475616
7.423516,	24.534454
7.453893,	24.670800
7.483102,	24.567848
7.512659,	24.554448
7.542944,	24.812826
7.571968,	24.640466
7.602075,	24.842240
7.631040,	24.759694
7.660162,	24.703252
7.690446,	24.882292
7.719738,	24.748838
7.749771,	24.833251
7.779702,	24.940549
7.808691,	24.813757
7.838533,	24.837639
7.868123,	24.947931
7.897705,	24.832494
7.931606,	24.951543
7.960708,	24.902416
7.989727,	24.882934
8.019225,	25.029223
8.048090,	24.844268
8.077745,	25.057242
8.106838,	24.992542
8.136068,	24.845397
8.166222,	25.064954
8.195026,	24.901041
8.224167,	24.981787
8.253517,	25.059164
8.283364,	24.867862
8.313156,	24.995469
8.342567,	24.952136
8.372198,	24.872289
8.402448,	25.050655
8.431475,	24.874763
8.460682,	24.970486
8.490553,	24.951515
8.519818,	24.844827
8.549741,	24.935349
8.579545,	24.982347
8.609235,	24.905449
8.639178,	25.103936
8.669087,	24.962328
8.698579,	24.946434
8.727720,	25.091681
8.757255,	25.019171
8.787157,	25.248674
8.816661,	25.141175
8.845748,	25.097737
8.876019,	25.371112
8.904797,	25.217167
8.934274,	25.245209
8.964295,	25.478288
8.994310,	25.320399
9.024012,	25.337764
9.057647,	25.543957
9.086607,	25.425310
9.115809,	25.518151
9.146287,	25.721601
9.175023,	25.639531
9.204586,	25.796551
9.233673,	25.695549
9.263242,	25.715136
9.293002,	25.851582
9.321943,	25.798348
9.352206,	25.848830
9.381404,	26.056581
9.411389,	25.947367
9.441773,	26.176921
9.471457,	26.031755
9.501464,	26.070452
9.531086,	26.249568
9.560128,	26.152484
9.590147,	26.287588
9.619060,	26.340136
9.647935,	26.246084
9.678663,	26.484853
9.707480,	26.370922
9.736833,	26.385077
9.766704,	26.617937
9.795662,	26.484755
9.824533,	26.551711
9.854560,	26.785507
9.883828,	26.699082
9.912879,	26.691286
9.942839,	26.947663
9.972176,	26.831846
10.002023,	26.918187
10.032228,	27.170095
10.062135,	27.068869
10.091716,	27.204321
10.120259,	27.280628
10.149419,	27.246830
10.179828,	27.491306
10.212208,	27.445202
10.241715,	27.422226
10.271613,	27.657264
10.301041,	27.569319
10.329888,	27.667602
10.359428,	27.806451
10.388973,	27.743856
10.418141,	28.024396
10.447009,	27.933572
10.475763,	28.031825
10.506027,	28.308002
10.535190,	28.284410
10.564604,	28.397114
10.594557,	28.540028
10.623759,	28.500904
10.652765,	28.550927
10.682294,	28.698505
10.711334,	28.625177
10.741650,	28.819172
10.770298,	28.689489
10.799332,	28.711844
10.829283,	28.815856
10.858433,	28.681315
10.888372,	28.771865
10.917343,	28.810763
10.946832,	28.643861
10.977156,	28.846974
11.006418,	28.685566
11.036013,	28.633718
11.065701,	28.786041
11.094664,	28.687223
11.124024,	28.610692
11.154631,	28.720556
11.184069,	28.577881
11.212920,	28.652866
11.242524,	28.768458
11.271688,	28.539111
11.302112,	28.721314
11.331416,	28.547367
11.363794,	28.539056
11.394184,	28.675653
11.423922,	28.539755
11.453360,	28.597410
11.483556,	28.618608
11.512798,	28.585519
11.542549,	28.682799
11.571864,	28.526290
11.601456,	28.665529
11.632227,	28.711386
11.662150,	28.504894
11.691529,	28.499797
11.721674,	28.673184
11.751182,	28.523226
11.781768,	28.776976
11.810483,	28.510550
11.840023,	28.514150
11.869949,	28.655849
11.899539,	28.519804
11.929404,	28.559736
11.959423,	28.726992
11.988502,	28.594634
12.018582,	28.647471
12.047840,	28.670133
12.077689,	28.597098
12.108035,	28.792226
12.138285,	28.898302
12.168707,	28.962535
12.198985,	28.921358
12.228410,	28.727686
12.257976,	28.758586
12.288154,	28.938680
12.317073,	28.855326
12.346869,	28.865071
12.376155,	29.013499
12.405228,	28.924743
12.434345,	29.089221
12.463396,	29.105204
12.496707,	29.069603
12.526983,	29.273460
12.556789,	29.142188
12.585991,	29.237904
12.615842,	29.456969
12.645635,	29.416010
12.675356,	29.600916
12.704561,	29.569989
12.733714,	29.610090
12.763496,	29.821387
12.793111,	29.724468
12.821932,	29.772507
12.852233,	30.003141
12.881557,	29.961637
12.911565,	30.009675
12.941299,	30.096220
12.970681,	30.064832
13.000885,	30.314703
13.030040,	30.225765
13.059248,	30.251965
13.089049,	30.451531
13.118607,	30.365708
13.147931,	30.386532
13.177638,	30.620197
13.206406,	30.526217
13.237110,	30.744334
13.266288,	30.657559
13.295746,	30.727131
13.325763,	30.978716
13.355268,	30.968960
13.384842,	30.939078
13.415150,	31.133515
13.443912,	31.037873
13.473894,	31.248971
13.502819,	31.269778
13.532301,	31.287312
13.562438,	31.568958
13.591044,	31.430788
13.620582,	31.476617
13.654644,	31.700301
13.684641,	31.655306
13.715100,	31.851813
13.744450,	31.764128
13.773818,	31.774627
13.803329,	32.037124
13.833281,	31.854522
13.862790,	31.905936
13.892773,	32.096030
13.922052,	31.981695
13.951672,	32.132727
13.980881,	32.144860
14.010350,	32.119499
14.040598,	32.431907
14.069922,	32.285964
14.098738,	32.279704
14.129035,	32.464001
14.157435,	32.335975
14.187075,	32.424459
14.217172,	32.588241
14.247014,	32.495068
14.276482,	32.633870
14.305959,	32.747814
14.335055,	32.622906
14.365248,	32.802233
14.394678,	32.795007
14.424815,	32.733390
14.454782,	32.968513
14.483944,	32.845906
14.513349,	32.948621
14.542719,	33.029054
14.573169,	32.970132
14.604264,	33.087942
14.633983,	33.028840
14.663324,	32.971909
14.693519,	33.154225
14.723793,	33.108321
14.753041,	33.097370
14.785959,	33.194652
14.814629,	33.071915
14.844652,	33.255669
14.874328,	33.178352
14.904068,	33.129909
14.934286,	33.309016
14.963715,	33.135849
14.992624,	33.191232
15.023066,	33.263488
15.052303,	33.177443
15.081587,	33.252518
15.111630,	33.270477
15.141485,	33.171865
15.171164,	33.321661
15.200367,	33.239104
15.229367,	33.213797
15.259070,	33.336977
15.288189,	33.217041
15.317868,	33.343510
15.347750,	33.278615
15.376796,	33.209538
15.406686,	33.392714
15.437176,	33.263400
15.466730,	33.196996
15.496908,	33.360684
15.527106,	33.266226
15.556942,	33.382508
15.586273,	33.261768
15.615312,	33.204088
15.645858,	33.434077
15.674252,	33.288085
15.702879,	33.278980
15.732742,	33.413170
15.761951,	33.286812
15.791531,	33.360076
15.821539,	33.418231
15.851053,	33.284697
15.880822,	33.481264
15.911208,	33.562628
15.944444,	33.442318
15.974484,	33.554830
16.003160,	33.425947
16.032124,	33.408499
16.062153,	33.600944
16.090769,	33.493210
16.120737,	33.560844
16.150229,	33.712036
16.179283,	33.614387
16.209210,	33.695068
16.238750,	33.758038
16.268459,	33.715936
16.298726,	33.903159
16.328022,	33.809973
16.357380,	33.860420
16.387130,	34.030822
16.415956,	33.921163
16.445324,	33.954421
16.475892,	34.148581
16.505627,	33.986890
16.535678,	34.145113
16.564733,	34.118505
16.593911,	34.040909
16.623987,	34.242302
16.652972,	34.128810
16.682444,	34.161070
16.712085,	34.217710
16.741518,	34.132821
16.771888,	34.350696
16.801544,	34.209645
16.830901,	34.343247
16.861518,	34.373001
16.890737,	34.258198
16.919796,	34.318046
16.949458,	34.373434
16.979198,	34.281584
17.009500,	34.492010
17.038357,	34.377118
17.068143,	34.402138
17.101206,	34.518319
17.130659,	34.444395
17.160261,	34.486650
17.189783,	34.625372
17.220110,	34.494342
17.249138,	34.508760
17.278769,	34.644375
17.307645,	34.530025
17.337766,	34.702147
17.367245,	34.675329
17.396900,	34.576725
17.427401,	34.762983
17.457131,	34.631113
17.487157,	34.682056
17.516976,	34.890058
17.546353,	34.639914
17.575950,	34.799186
17.605386,	34.770795
17.634732,	34.737481
17.664840,	34.903658
17.694653,	34.756761
17.723277,	34.805230
17.752767,	34.959242
17.781942,	34.807646
17.811910,	34.891808
17.842055,	34.987610
17.871699,	34.945550
17.901832,	35.099606
17.932313,	35.178973
17.963237,	35.238817
17.993212,	35.184623
18.022829,	35.095416
18.052847,	35.011433
18.083349,	35.193263
18.113257,	35.077370
18.143444,	35.129730
18.172950,	35.230518
18.202292,	35.128824
18.235580,	35.363273
18.265059,	35.286849
18.294235,	35.263832
18.324133,	35.425113
18.353004,	35.322401
18.382602,	35.334464
18.413387,	35.511483
18.442308,	35.415456
18.472150,	35.559871
18.501252,	35.551846
18.530333,	35.479113
18.560512,	35.702466
18.589643,	35.608528
18.618177,	35.583248
18.648255,	35.780465
18.677718,	35.641207
18.707665,	35.725482
18.737208,	35.853646
18.766253,	35.728325
18.796762,	35.844345
18.826677,	35.877407
18.856097,	35.820772
18.886672,	36.006667
18.915530,	35.902168
18.945386,	36.002447
18.975268,	36.063947
19.004364,	36.012181
19.033795,	36.143391
19.063610,	36.255083
19.092799,	36.224148
19.123111,	36.503384
19.151958,	36.462090
19.181195,	36.559213
19.211342,	36.761024
19.240684,	36.688466
19.271046,	36.857234
19.300981,	37.028852
19.329979,	36.972010
19.359342,	37.143103
19.392264,	37.241940
19.421127,	37.224547
19.450702,	37.475543
19.479491,	37.403818
19.508696,	37.466722
19.538357,	37.676062
19.567707,	37.648058
19.597105,	37.688144
19.627118,	37.976404
19.656401,	37.815661
19.686027,	38.020402
19.714700,	37.979357
19.743848,	37.953611
19.774402,	38.202466
19.803088,	38.090453
19.832715,	38.130175
19.862387,	38.356287
19.892043,	38.247045
19.921414,	38.296044
19.950644,	38.453859
19.980700,	38.423600
20.010631,	38.614964
20.039822,	38.487706
20.068939,	38.530376
20.098788,	38.757997
20.127798,	38.624203
20.157808,	38.684975
20.187510,	38.816648
20.216770,	38.765425
20.247130,	38.998913
20.276789,	38.894738
20.306195,	38.970258
20.336814,	39.237129
20.365827,	39.102424
20.394971,	39.147479
20.425038,	39.357574
20.454411,	39.272827
20.483983,	39.442301
20.517365,	39.479859
20.546247,	39.467949
20.576094,	39.631136
20.605290,	39.508080
20.635466,	39.520921
20.665109,	39.691796
20.694955,	39.646127
20.724903,	39.593943
20.754141,	39.768736
20.783199,	39.678129
20.813232,	39.804395
20.843079,	39.755859
20.872252,	39.753042
20.902288,	39.942819
20.932627,	39.818012
20.961984,	39.821610
20.991850,	39.994825
21.021690,	39.992914
21.051564,	39.982896
21.081094,	40.073992
21.110106,	40.000042
21.140521,	40.184746
21.169722,	40.077900
21.199023,	40.133280
21.228374,	40.280635
21.257926,	40.212850
21.286380,	40.279513
21.316135,	40.427832
21.345972,	40.346749
21.376085,	40.542197
21.405634,	40.461978
21.434972,	40.485705
21.464905,	40.679620
21.494342,	40.599987
21.523562,	40.613861
21.553214,	40.709469
21.582537,	40.527631
21.611650,	40.706532
21.641565,	40.766372
21.673949,	40.631945
21.703709,	40.899810
21.733165,	40.849515
21.762315,	40.718292
21.792008,	40.978396
21.821848,	40.878261
21.851524,	40.886765
21.881500,	41.061383
21.910290,	40.990920
21.939715,	41.036379
21.968814,	41.181754
21.998044,	41.056445
22.028050,	41.249771
22.057617,	41.104946
22.086905,	41.179624
22.116762,	41.277263
22.146153,	41.168284
22.176464,	41.288727
22.206181,	41.259167
22.235316,	41.211666
22.266195,	41.413103
22.295184,	41.265136
22.324185,	41.248004
22.353649,	41.405384
22.383063,	41.295391
22.412432,	41.454835
22.442212,	41.451802
22.470797,	41.362625
22.500605,	41.553608
22.529926,	41.370449
22.559418,	41.426867
22.589538,	41.579207
22.619334,	41.459202
22.648251,	41.568416
22.677593,	41.695048
22.706587,	41.603663
22.736943,	41.790000
22.766574,	41.774686
22.795759,	41.743209
22.829229,	41.915240
22.858248,	41.848520
22.888018,	41.937747
22.917173,	42.047400
22.946343,	42.003427
22.975783,	42.207808
23.004842,	42.096924
23.033520,	42.182122
23.063063,	42.313440
23.091963,	42.257956
23.121745,	42.330647
23.151406,	42.451769
23.180107,	42.364352
23.209659,	42.499883
23.239213,	42.465345
23.268616,	42.419178
23.298681,	42.588295
23.327952,	42.545386
23.356980,	42.518773
23.386832,	42.674108
23.416279,	42.547527
23.446085,	42.632670
23.475490,	42.690088
23.504685,	42.579708
23.535077,	42.784915
23.564260,	42.639976
23.593699,	42.643080
23.623428,	42.756069
23.652835,	42.638827
23.683269,	42.682523
23.713979,	42.873578
23.743790,	42.971092
23.774137,	42.915532
23.804117,	42.920507
23.833384,	42.774035
23.863820,	42.965159
23.893121,	42.841089
23.921846,	42.877118
23.955725,	43.018196
23.985064,	42.955049
24.015033,	42.963647
24.044788,	43.102563
24.073574,	43.011547
24.103434,	43.206292
24.132283,	43.088884
24.162205,	43.157309
24.191693,	43.258005
24.221542,	43.147424
24.250979,	43.201194
24.280557,	43.363350
24.309623,	43.238301
24.339300,	43.355245
24.368441,	43.363549
24.398418,	43.317110
24.428955,	43.471082
24.457453,	43.352108
24.487313,	43.383755
24.517200,	43.583819
24.546640,	43.409262
24.576501,	43.538616
24.605643,	43.550261
24.634218,	43.502921
24.664507,	43.659986
24.693163,	43.540176
24.722601,	43.595560
24.752168,	43.746420
24.781276,	43.627585
24.810512,	43.678733
24.839965,	43.856738
24.869191,	43.686596
24.899881,	43.884301
24.928678,	43.774101
24.957625,	43.817436
24.987094,	43.921753
25.016074,	43.848097
25.045110,	43.879481
25.075574,	44.003190
25.108956,	43.908713
25.138987,	44.067666
25.168964,	44.134342
25.198239,	44.128097
25.227481,	44.123394
25.257214,	44.169980
25.287775,	44.153914
25.317387,	44.209334
25.346998,	44.250931
25.375996,	44.000397
25.406191,	44.182757
25.435623,	44.059226
25.465379,	44.050185
25.494335,	44.213523
25.523768,	44.161997
25.553429,	44.273931
25.582450,	44.156206
25.612219,	44.191790
25.642987,	44.386928
25.672377,	44.211734
25.701070,	44.236932
25.730686,	44.352771
25.759668,	44.258482
25.789092,	44.329915
25.818439,	44.407937
25.847563,	44.369368
25.877778,	44.554535
25.907810,	44.364207
25.937284,	44.439922
25.966808,	44.554793
25.995660,	44.504353
26.025623,	44.569911
26.055084,	44.664189
26.084262,	44.582139
26.114519,	44.735535
26.143852,	44.707964
26.173494,	44.657720
26.203782,	44.863366
26.237384,	44.770334
26.267492,	44.749776
26.296934,	44.926253
26.326543,	44.833030
26.357813,	44.990553
26.386493,	44.864388
26.415508,	44.893586
26.445815,	45.096955
26.475741,	45.041928
26.505371,	45.069996
26.534823,	45.247863
26.564409,	45.166474
26.594080,	45.229270
26.623107,	45.246174
26.652701,	45.196045
26.682416,	45.396247
26.712016,	45.297198
26.741849,	45.349128
26.771018,	45.500189
26.800772,	45.318831
26.830511,	45.576606
26.860527,	45.562971
26.890670,	45.505616
26.921177,	45.714247
26.950187,	45.661577
26.980438,	45.628511
27.010163,	45.844707
27.039551,	45.753318
27.068704,	45.789545
27.098763,	45.957190
27.127991,	45.875851
27.158193,	46.028580
27.187671,	46.058779
27.217168,	46.047941
27.247344,	46.257757
27.276573,	46.200430
27.305660,	46.177731
27.335668,	46.400332
27.364866,	46.333744
27.398450,	46.510850
27.427799,	46.439486
27.457436,	46.551210
27.486900,	46.700670
27.516191,	46.551234
27.546697,	46.798684
27.575917,	46.732815
27.605998,	46.700200
27.635874,	46.827826
27.665277,	46.697802
27.694436,	46.743206
27.724465,	46.887125
27.754184,	46.721013
27.784765,	46.823431
27.814605,	46.743553
27.843385,	46.679020
27.873810,	46.800739
27.903169,	46.659145
27.932971,	46.632168
27.963184,	46.832946
27.992444,	46.615319
28.022637,	46.682827
28.052140,	46.737627
28.081410,	46.646395
28.110997,	46.816974
28.140609,	46.700190
28.169921,	46.758821
28.200131,	46.838999
28.229616,	46.800994
28.258882,	46.817758
28.288150,	46.940525
28.317845,	46.920953
28.347296,	46.998199
28.376534,	47.020765
28.405695,	46.968857
28.435360,	47.161550
28.464497,	47.014259
28.493956,	47.014191
28.524102,	47.168721
28.556618,	47.072401
28.586339,	47.098608
28.615662,	47.189386
28.645404,	47.096711
28.675959,	47.281777
28.705160,	47.149414
28.734514,	47.079268
28.764603,	47.316472
28.794543,	47.194258
28.823333,	47.248289
28.853093,	47.377551
28.882049,	47.287219
28.911857,	47.384801
28.941108,	47.337654
28.970138,	47.267285
29.000535,	47.445693
29.030281,	47.319452
29.059218,	47.250718
29.090083,	47.396103
29.119093,	47.298602
29.147907,	47.253355
29.177908,	47.363816
29.206978,	47.249508
29.236723,	47.310518
29.266067,	47.423993
29.295166,	47.346115
29.325351,	47.515092
29.354737,	47.459772
29.383781,	47.417935
29.413790,	47.598190
29.443286,	47.546663
29.473165,	47.631713
29.503247,	47.771408
29.533051,	47.891728
29.563824,	47.835276
29.593501,	47.774608
29.623078,	47.682109
29.653020,	47.884264
29.685345,	47.754570
29.714619,	47.790301
29.743986,	47.886389
29.774247,	47.791557
29.804081,	47.968906
29.834257,	48.024217
29.863628,	47.925757
29.892916,	47.967816
29.921808,	47.895609
29.950927,	47.842761
29.980840,	48.017305
30.010650,	47.885905
30.039443,	47.923368
30.069705,	48.062328
30.099037,	47.967941
30.127652,	47.983972
30.158664,	48.134337
30.188358,	48.008740
30.217831,	48.116206
30.248105,	48.258490
30.277326,	48.203730
30.307141,	48.356217
30.336257,	48.354619
30.365787,	48.347570
30.396384,	48.520220
30.425908,	48.478802
30.454595,	48.484712
30.485024,	48.699296
30.514151,	48.648862
30.544331,	48.728856
30.573397,	48.836425
30.602346,	48.759513
30.632325,	48.994196
30.661583,	48.888004
30.690561,	48.947875
30.720474,	49.117119
30.750110,	49.065721
30.779502,	49.089235
30.809225,	49.251958
30.842746,	49.124607
30.873197,	49.349435
30.902465,	49.304763
30.931553,	49.286873
30.961818,	49.499806
30.991847,	49.393189
31.021587,	49.470127
31.051243,	49.622647
31.080553,	49.562399
31.111123,	49.763566
31.140537,	49.735694
31.169469,	49.741863
31.199025,	49.984038
31.228324,	49.853824
31.258321,	49.910248
31.287991,	50.103194
31.317283,	50.073317
31.347386,	50.248101
31.376701,	50.237423
31.406198,	50.232059
31.436273,	50.438159
31.466023,	50.355772
31.495302,	50.347080
31.525398,	50.482169
31.554321,	50.433469
31.584699,	50.545441
31.614004,	50.567421
31.643194,	50.557729
31.673388,	50.794273
31.702372,	50.675202
31.731111,	50.682084
31.761224,	50.887845
31.790305,	50.808435
31.820356,	50.872786
31.850249,	50.938487
31.879414,	50.878866
31.909470,	51.092894
31.938570,	50.946290
31.971035,	50.946214
32.000668,	51.072841
32.030627,	50.953549
32.059674,	50.967948
32.088829,	51.075484
32.119036,	50.985031
32.149430,	51.090706
32.179028,	51.054197
32.208263,	50.962524
32.238428,	51.127366
32.267216,	51.011387
32.297062,	51.018527
32.327196,	51.207186
32.356627,	51.108950
32.386532,	51.236846
32.415802,	51.293073
32.445390,	51.242560
32.475328,	51.493291
32.505308,	51.436814
32.534242,	51.450229
32.564385,	51.612772
32.594220,	51.587682
32.623745,	51.664438
32.653091,	51.793450
32.681714,	51.707325
32.712263,	51.912755
32.741252,	51.812718
32.770396,	51.873860
32.800418,	51.983877
32.829498,	51.950532
32.859554,	52.008413
32.888870,	52.109045
32.918336,	52.042847
32.948620,	52.155403
32.977788,	52.028078
33.007389,	52.098266
33.036999,	52.221215
33.066029,	52.150874
33.096136,	52.279835
33.128619,	52.182266
33.158659,	52.199014
33.188335,	52.399205
33.217633,	52.250196
33.247988,	52.405122
33.277186,	52.360586
33.306667,	52.290921
33.337085,	52.470431
33.366289,	52.341580
33.396102,	52.339444
33.426631,	52.457682
33.455846,	52.341665
33.485942,	52.437872
33.514802,	52.452137
33.544756,	52.410257
33.574956,	52.515005
33.603948,	52.402805
33.633699,	52.381763
33.662737,	52.502811
33.691719,	52.434844
33.721669,	52.599799
33.750966,	52.486940
33.780757,	52.491865
33.810778,	52.602558
33.840407,	52.509009
33.870732,	52.524403
33.900612,	52.655076
33.929654,	52.537029
33.959303,	52.650809
33.988239,	52.634701
34.017616,	52.548841
34.047310,	52.698622
34.076419,	52.531107
34.106061,	52.565644
34.135488,	52.649084
34.165023,	52.520923
34.195476,	52.685322
34.224908,	52.644269
34.253824,	52.566451
34.287605,	52.645453
34.317055,	52.552336
34.347113,	52.566478
34.376500,	52.652637
34.405369,	52.548749
34.436063,	52.727912
34.465762,	52.618678
34.495235,	52.593887
34.525181,	52.770582
34.554831,	52.685042
34.584820,	52.802614
34.614632,	52.801076
34.643389,	52.743349
34.672884,	52.965766
34.702628,	52.790776
34.732082,	52.845075
34.762064,	53.009519
34.791576,	52.981581
34.821534,	53.011922
34.851143,	53.186112
34.881013,	53.145371
34.911133,	53.411177
34.941037,	53.359454
34.971256,	53.360106
35.001512,	53.599171
35.030320,	53.523395
35.059265,	53.620697
35.089555,	53.736077
35.118445,	53.695714
35.147445,	53.716385
35.177653,	53.879292
35.207166,	53.773616
35.236787,	53.862002
35.266987,	53.930964
35.296966,	54.019276
35.327432,	54.031749
35.357022,	53.990083
35.386027,	53.830764
35.419210,	53.963508
35.448039,	53.859509
35.477272,	53.840361
35.506298,	53.970030
35.535995,	53.831191
35.566015,	53.911363
35.595315,	53.965116
35.624550,	53.947621
35.654744,	54.021692
35.683382,	53.912080
35.713115,	53.929396
35.742738,	54.045585
35.772909,	53.901072
35.801608,	53.957597
35.831319,	54.089700
35.860394,	54.031138
35.890756,	54.214799
35.920442,	54.079311
35.949319,	54.146517
35.979850,	54.358392
36.009133,	54.216045
36.038515,	54.313339
36.068067,	54.366649
36.097508,	54.266374
36.127351,	54.416075
36.157157,	54.328771
36.186467,	54.303655
36.215681,	54.399357
36.245139,	54.309339
36.275951,	54.519420
36.305476,	54.401961
36.334922,	54.392521
36.364750,	54.484702
36.393330,	54.378732
36.423222,	54.452465
36.452974,	54.548712
36.482111,	54.441689
36.512693,	54.639547
36.541631,	54.602954
36.573958,	54.510757
36.603645,	54.717296
36.632929,	54.527616
36.662215,	54.625267
36.691816,	54.721153
36.720469,	54.618833
36.750880,	54.640728
36.780403,	54.821007
36.809852,	54.643461
36.839974,	54.773971
36.869295,	54.749899
36.898472,	54.661209
36.928538,	54.841795
36.956894,	54.701026
36.986305,	54.725181
37.016506,	54.846090
37.044875,	54.721920
37.074218,	54.712505
37.103668,	54.825612
37.132950,	54.721877
37.163364,	54.871402
37.193216,	54.813941
37.222405,	54.774629
37.253180,	54.928989
37.282197,	54.794326
37.311275,	54.769663
37.341413,	54.865906
37.371393,	54.792922
37.401480,	54.751783
37.431096,	54.877929
37.460450,	54.778015
37.490820,	54.869674
37.520275,	54.805537
37.549478,	54.802381
37.580425,	54.887918
37.609043,	54.811258
37.639601,	54.878122
37.670033,	54.991813
37.702946,	54.974094
37.732723,	55.124069
37.762469,	55.041733
37.791759,	55.101609
37.821476,	55.274114
37.851446,	55.211310
37.881843,	55.401136
37.911161,	55.329305
37.941257,	55.334976
37.971943,	55.511635
38.001137,	55.404212
38.031160,	55.428588
38.060591,	55.556005
38.090417,	55.449010
38.120458,	55.639175
38.150277,	55.483268
38.180588,	55.446635
38.210441,	55.625792
38.239941,	55.535834
38.269798,	55.714294
38.298391,	55.596850
38.327747,	55.641842
38.357782,	55.860791
38.388216,	55.706466
38.417279,	55.850421
38.447735,	55.935966
38.476874,	55.892303
38.506470,	55.951912
38.536129,	56.023948
38.565116,	55.956062
38.595191,	56.114737
38.624079,	56.011122
38.652916,	56.000463
38.682990,	56.144270
38.711691,	56.035604
38.741142,	56.102388
38.770714,	56.194279
38.800348,	56.112631
38.829793,	56.192516
38.862600,	56.199419
38.892172,	56.160164
38.922037,	56.325087
38.950187,	56.190836
38.979252,	56.221246
39.008762,	56.367438
39.037877,	56.260208
39.067543,	56.325730
39.097723,	56.480080
39.126835,	56.376949
39.157664,	56.494911
39.187101,	56.481976
39.215905,	56.439545
39.246371,	56.624798
39.275951,	56.511081
39.305793,	56.577431
39.335065,	56.762077
39.364971,	56.612790
39.395470,	56.793761
39.424492,	56.726812
39.454917,	56.762613
39.484954,	56.931929
39.513861,	56.826491
39.544174,	56.921290
39.573866,	57.004477
39.603229,	56.929225
39.634199,	57.036537
39.663436,	56.909475
39.693086,	56.901440
39.723267,	57.079257
39.752032,	56.966278
39.781075,	56.993163
39.810574,	57.037608
39.840388,	56.916010
39.871199,	56.973157
39.901088,	57.005034
39.929980,	56.889681
39.959604,	57.071839
39.988511,	56.973352
40.021154,	56.979882
40.050860,	57.104513
40.080320,	57.037156
40.109338,	57.073057
40.140133,	57.131058
40.169512,	57.036821
40.199725,	57.216589
40.228922,	57.147076
40.258998,	57.181959
40.288873,	57.305537
40.318831,	57.195042
40.348531,	57.248311
40.378683,	57.311682
40.407580,	57.269431
40.438216,	57.451216
40.467600,	57.321506
40.497467,	57.400206
40.527332,	57.431856
40.556138,	57.357315
40.585815,	57.362909
40.615856,	57.417814
40.645298,	57.337290
40.675621,	57.477895
40.704478,	57.374955
40.733992,	57.302327
40.764582,	57.476784
40.793829,	57.346779
40.822688,	57.365315
40.852573,	57.509470
40.881643,	57.389938
40.911527,	57.477477
40.941209,	57.575645
40.971062,	57.475123
41.000442,	57.648519
41.029424,	57.559123
41.058203,	57.587315
41.089394,	57.796481
41.119829,	57.916275
41.153066,	57.812805
41.182756,	57.901182
41.212175,	57.794332
41.241842,	57.850136
41.271083,	57.899798
41.300279,	57.854684
41.330010,	58.005807
41.359322,	57.880445
41.388850,	57.926426
41.418541,	58.041264
41.448300,	57.917261
41.477518,	57.956785
41.506850,	58.073817
41.536465,	58.021385
41.566548,	58.118613
41.595328,	58.012362
41.624203,	58.064305
41.653964,	58.179054
41.682958,	58.046468
41.712017,	58.137765
41.740836,	58.229879
41.770496,	58.125654
41.800941,	58.254425
41.829972,	58.236985
41.859606,	58.255976
41.889712,	58.407469
41.919110,	58.358705
41.949018,	58.297642
41.979242,	58.541452
42.007560,	58.449952
42.036915,	58.539740
42.066172,	58.641036
42.095729,	58.565028
42.125826,	58.755040
42.155174,	58.656719
42.185316,	58.721115
42.214808,	58.894088
42.244670,	58.875579
42.273572,	58.957539
42.307078,	59.097223
42.336457,	59.119477
42.366068,	59.334975
42.395804,	59.244768
42.425562,	59.346364
42.455539,	59.537825
42.485728,	59.504110
42.515935,	59.607669
42.545392,	59.757422
42.575373,	59.747347
42.605205,	59.891621
42.634602,	59.815285
42.663767,	59.821620
42.693429,	59.980671
42.722877,	59.852623
42.751841,	59.914302
42.782254,	60.068302
42.811225,	59.974076
42.841541,	60.033561
42.870456,	60.106300
42.900312,	60.028856
42.930752,	60.210321
42.960175,	60.203700
42.989032,	60.161064
43.019252,	60.342380
43.048383,	60.206954
43.077801,	60.191209
43.108254,	60.317067
43.136879,	60.211744
43.167315,	60.239349
43.197225,	60.303729
43.226764,	60.223029
43.256972,	60.402230
43.286377,	60.278387
43.315594,	60.254404
43.345693,	60.373543
43.374937,	60.307069
43.404615,	60.356333
43.437451,	60.433928
43.466739,	60.372662
43.496961,	60.534755
43.526295,	60.355849
43.556085,	60.376082
43.585581,	60.493217
43.614598,	60.397078
43.644797,	60.536800
43.674718,	60.501627
43.704500,	60.517835
43.734379,	60.640525
43.764519,	60.564897
43.793917,	60.485194
43.824578,	60.556139
43.854355,	60.494454
43.883478,	60.475416
43.913161,	60.610576
43.942355,	60.519711
43.972149,	60.673597
44.002267,	60.643112
44.031406,	60.575988
44.062151,	60.726079
44.091507,	60.617865
44.120304,	60.656906
44.150177,	60.788724
44.179697,	60.688443
44.209720,	60.835686
44.238885,	60.804860
44.267973,	60.709624
44.297720,	60.852529
44.327702,	60.790054
44.357151,	60.732490
44.387430,	60.881144
44.416752,	60.748311
44.445988,	60.780361
44.475822,	60.853739
44.505085,	60.745567
44.535123,	60.925169
44.564752,	60.851207
44.597370,	60.856614
44.627590,	60.983281
44.656745,	60.877746
44.686896,	60.947029
44.717230,	61.038705
44.745780,	61.000033
44.775176,	61.007289
44.804838,	61.157310
44.834721,	61.081421
44.865198,	61.294575
44.894479,	61.249194
44.923865,	61.244615
44.953699,	61.350355
44.982475,	61.253129
45.011992,	61.273668
45.042029,	61.426166
45.071440,	61.324469
45.100909,	61.337789
45.130674,	61.550618
45.159715,	61.377516
45.189097,	61.403566
45.219184,	61.602168
45.248030,	61.487569
45.276989,	61.520652
45.307346,	61.736186
45.336033,	61.653761
45.365384,	61.682492
45.395523,	61.875395
45.424683,	61.841569
45.453684,	61.850331
45.483603,	62.068449
45.512649,	61.961373
45.542545,	61.994903
45.572598,	62.194536
45.602017,	62.107031
45.631164,	62.200877
45.660748,	62.223765
45.689949,	62.166785
45.720093,	62.267807
45.753187,	62.240543
45.782564,	62.193534
45.812426,	62.360553
45.841534,	62.268553
45.872559,	62.399024
45.902410,	62.285818
45.932125,	62.286494
45.961786,	62.465748
45.990866,	62.302392
46.020336,	62.375819
46.049750,	62.525293
46.079366,	62.409107
46.109488,	62.592690
46.138467,	62.679936
46.168221,	62.643212
46.198200,	62.703609
46.228684,	62.803013
46.257729,	62.840669
46.287024,	62.879106
46.317865,	62.953170
46.347010,	62.842879
46.376808,	62.909672
46.407167,	62.907464
46.436596,	62.942553
46.465677,	63.051023
46.494983,	63.005159
46.525122,	63.137351
46.554843,	63.017552
46.583995,	63.077148
46.613854,	63.193537
46.643119,	63.107485
46.672531,	63.292903
46.701403,	63.277926
46.730055,	63.277859
46.760338,	63.422093
46.788684,	63.302043
46.818318,	63.337471
46.848653,	63.424203
46.882888,	63.557837
46.912875,	63.581011
46.942164,	63.510565
46.971517,	63.400728
47.001901,	63.527117
47.031398,	63.420880
47.060683,	63.429654
47.091205,	63.588764
47.119855,	63.459263
47.149229,	63.467457
47.179426,	63.636967
47.208861,	63.497777
47.238204,	63.574797
47.268551,	63.619450
47.297510,	63.567149
47.328818,	63.694365
47.358497,	63.604722
47.388961,	63.633676
47.418235,	63.773119
47.448464,	63.696145
47.477760,	63.836374
47.507067,	63.717731
47.536983,	63.749991
47.566476,	63.885355
47.596208,	63.792437
47.625272,	63.833068
47.654567,	63.971441
47.684204,	63.859883
47.713725,	63.982627
47.742822,	63.979284
47.771820,	63.894151
47.802236,	64.104035
47.831279,	64.020694
47.860905,	63.981742
47.890774,	64.168099
47.919676,	64.003376
47.949603,	64.070744
47.978716,	64.148487
48.008009,	64.089525
48.041313,	64.191881
48.070606,	64.121317
48.099122,	64.207264
48.128754,	64.408674
48.157989,	64.218147
48.187868,	64.309497
48.217340,	64.407609
48.245598,	64.275731
48.275651,	64.452056
48.304922,	64.354525
48.335017,	64.409132
48.364979,	64.494230
48.394748,	64.353875
48.424081,	64.454094
48.453331,	64.599117
48.483573,	64.510107
48.513175,	64.660925
48.542945,	64.633508
48.572114,	64.637838
48.602202,	64.829748
48.631508,	64.705237
48.660759,	64.742171
48.691272,	64.900100
48.720178,	64.823377
48.749426,	64.836321
48.779157,	64.993858
48.807770,	64.904094
48.837664,	65.047916
Tempreached48.867447,	63.151356
48.896451,	63.076086
48.926406,	63.269929
48.955300,	63.144545
48.984566,	63.214342
49.014308,	63.333198
49.042688,	63.227856
49.073069,	63.283737
49.102320,	63.394023
49.132577,	63.285676
49.166475,	63.441850
49.196504,	63.398133
49.225636,	63.357521
49.254781,	63.512949
49.283504,	63.444390
49.313328,	63.561017
49.342869,	63.598955
49.372345,	63.514984
49.402362,	63.709679
49.431077,	63.602931
49.459884,	63.607041
49.490322,	63.800945
49.519472,	63.685026
49.548968,	63.784475
49.578420,	63.888458
49.608041,	63.748154
49.637493,	63.855208
49.667866,	64.022398
49.697245,	63.948063
49.726734,	64.151407
49.756109,	64.205097
49.785280,	64.161768
49.815567,	64.386777
49.844500,	64.279169
49.874074,	64.345277
49.903570,	64.487933
49.932431,	64.308272
49.961492,	64.444351
49.991251,	64.502755
50.020481,	64.406700
50.050192,	64.510873
50.079693,	64.475969
50.108543,	64.424295
50.138711,	64.544837
50.168523,	64.501702
50.197879,	64.526002
50.227817,	64.625935
50.257077,	64.543795
50.285558,	64.518757
50.318170,	64.587661
50.347430,	64.496809
50.377523,	64.626623
50.407081,	64.473079
50.436278,	64.520122
50.465808,	64.613863
50.494931,	64.460968
50.524427,	64.480997
50.553449,	64.553988
50.583674,	64.479675
50.614159,	64.597182
50.642934,	64.434621
50.672281,	64.497494
50.701968,	64.536299
50.732050,	64.428747
50.761988,	64.427360
50.791138,	64.502063
50.819802,	64.400008
50.849257,	64.542962
50.878801,	64.388453
50.908532,	64.440220
50.938131,	64.583605
50.967823,	64.418394
50.997496,	64.442583
51.027392,	64.567350
51.056258,	64.497286
51.085637,	64.496144
51.114931,	64.637841
51.144491,	64.523683
51.175145,	64.719800
51.204073,	64.523737
51.232919,	64.515169
51.263807,	64.685894
51.293068,	64.531087
51.322421,	64.577988
51.352018,	64.643354
51.381073,	64.521863
51.411358,	64.674350
51.441662,	64.526885
51.473825,	64.486077
51.504176,	64.665663
51.532993,	64.501148
51.562038,	64.542512
51.592054,	64.635340
51.620891,	64.545532
51.650518,	64.487115
51.679964,	64.610810
51.709236,	64.430991
51.739071,	64.545952
51.767851,	64.505279
51.796770,	64.456591
51.826841,	64.547333
51.856480,	64.404930
51.886195,	64.393356
51.915724,	64.514959
51.945223,	64.389623
51.975446,	64.521564
52.004842,	64.456665
52.034061,	64.378600
52.064491,	64.540328
52.093173,	64.381108
52.122941,	64.382424
52.152682,	64.461356
52.181927,	64.373179
52.211794,	64.353817
52.241776,	64.482389
52.270756,	64.350278
52.300836,	64.448568
52.330518,	64.456539
52.359530,	64.327669
52.389302,	64.517239
52.418233,	64.358841
52.448019,	64.330835
52.478272,	64.474577
52.507283,	64.373819
52.537401,	64.508048
52.566964,	64.419552
52.599166,	64.353294
52.629541,	64.545753
52.659118,	64.599578
52.689236,	64.573249
52.718769,	64.527502
52.748392,	64.362891
52.777534,	64.394568
52.807224,	64.497129
52.836405,	64.385385
52.866217,	64.443116
52.895991,	64.490625
52.925567,	64.393962
52.955608,	64.555152
52.984840,	64.437054
53.014995,	64.454071
53.044614,	64.562591
53.073858,	64.480325
53.103707,	64.630910
53.133431,	64.578136
53.162801,	64.546292
53.192974,	64.649845
53.222370,	64.579890
53.252263,	64.665778
53.281502,	64.659369
53.310715,	64.557158
53.341221,	64.712421
53.370198,	64.650695
53.399543,	64.586568
53.429235,	64.760931
53.458688,	64.649689
53.488627,	64.727888
53.518368,	64.682185
53.547250,	64.662572
53.577614,	64.803933
53.607576,	64.679024
53.637129,	64.658224
53.666750,	64.804581
53.696123,	64.705346
53.725464,	64.816329
53.758454,	64.792480
53.787625,	64.808616
53.818239,	64.885202
53.846688,	64.767881
53.876141,	64.790720
53.905508,	64.907170
53.934631,	64.796959
53.964655,	64.825126
53.994520,	64.885532
54.024040,	64.817147
54.054102,	64.992603
54.083555,	64.914506
54.112879,	64.870097
54.142707,	65.032975
54.171996,	64.920755
54.200978,	64.928748
54.230504,	65.063264
54.260047,	64.939310
54.290188,	65.016502
54.319808,	65.053478
54.348720,	64.965254
54.379263,	65.124626
54.408186,	65.015865
54.437510,	65.020730
54.467291,	65.097362
54.496400,	65.015809
54.525352,	65.004680
54.555156,	65.109906
54.583948,	65.034342
54.614018,	65.182468
54.642695,	65.048608
54.671475,	65.032542
54.701383,	65.145874
54.730222,	65.033096
54.759942,	65.076471
54.789882,	65.137118
54.818559,	65.052557
54.847653,	65.036344
54.880964,	65.128982
54.910518,	65.036291
54.939650,	65.046133
54.969719,	65.156491
54.999279,	65.019006
55.030106,	65.127827
55.059912,	65.000353
55.088998,	65.036422
55.118808,	65.151926
55.148084,	64.999268
55.177126,	65.014465
55.207209,	65.122241
55.236477,	65.003520
55.266348,	65.062030
55.296243,	65.066704
55.325238,	65.003499
55.355245,	65.157397
55.383923,	65.007916
55.413774,	64.970829
55.444085,	65.134437
55.472805,	65.013988
55.502134,	65.040475
55.531214,	65.094388
55.560445,	65.030270
55.590226,	65.096727
55.618784,	64.977083
55.647851,	65.014618
55.677321,	65.112957
55.706880,	65.061095
55.736439,	65.024511
55.766660,	65.159528
55.796027,	65.109943
55.826212,	65.186732
55.855345,	65.023255
55.885597,	65.051228
55.915554,	65.176152
55.945133,	65.066634
55.975089,	65.166373
56.003936,	65.150571
56.036496,	65.058594
56.066519,	65.229090
56.095970,	65.100798
56.126284,	65.126197
56.155842,	65.271933
56.185319,	65.110061
56.215321,	65.293939
56.244284,	65.155974
56.274059,	65.151613
56.303588,	65.297631
56.332735,	65.200232
56.362410,	65.158595
56.391399,	65.259255
56.421190,	65.185328
56.451692,	65.348116
56.481702,	65.191308
56.511125,	65.205798
56.540581,	65.340163
56.570185,	65.201950
56.600457,	65.319664
56.629485,	65.281668
56.658203,	65.241194
56.687922,	65.418339
56.716891,	65.292942
56.745817,	65.284197
56.775143,	65.427658
56.804303,	65.270429
56.833981,	65.372107
56.863137,	65.380246
56.892393,	65.294868
56.922429,	65.472727
56.951365,	65.322385
56.981394,	65.289773
57.011184,	65.447721
57.040360,	65.252307
57.070262,	65.322813
57.099341,	65.369047
57.128755,	65.305982
57.159000,	65.447595
57.191315,	65.317955
57.220858,	65.277365
57.250878,	65.398886
57.280271,	65.260691
57.310126,	65.382722
57.339503,	65.308497
57.368621,	65.273622
57.398345,	65.379358
57.427258,	65.252507
57.456650,	65.245503
57.486149,	65.332722
57.515645,	65.225606
57.545551,	65.368169
57.575095,	65.274227
57.604860,	65.398050
57.634718,	65.366823
57.664240,	65.262442
57.692964,	65.210130
57.722738,	65.346340
57.751364,	65.212726
57.781042,	65.199611
57.810676,	65.326395
57.840431,	65.256696
57.870652,	65.285366
57.899825,	65.322064
57.929410,	65.210076
57.959529,	65.339374
57.988588,	65.194803
58.017246,	65.191404
58.047178,	65.345031
58.076195,	65.213702
58.106387,	65.307163
58.135476,	65.276045
58.164554,	65.210783
58.194309,	65.325826
58.223430,	65.254864
58.252797,	65.204557
58.283602,	65.351895
58.315181,	65.231297
58.345189,	65.302683
58.374104,	65.278006
58.404775,	65.410556
58.435472,	65.409289
58.464896,	65.346446
58.494535,	65.210813
58.524352,	65.384974
58.554149,	65.193230
58.583945,	65.274751
58.613846,	65.334491
58.642774,	65.161039
58.672366,	65.203872
58.701952,	65.314500
58.731202,	65.234373
58.760425,	65.206908
58.790244,	65.279845
58.819992,	65.216372
58.850530,	65.323815
58.879936,	65.246070
58.909261,	65.200879
58.939512,	65.348179
58.968431,	65.242967
58.997631,	65.211362
59.027627,	65.329351
59.055819,	65.201470
59.085844,	65.205739
59.115963,	65.317010
59.146306,	65.154786
59.176969,	65.277776
59.205900,	65.233595
59.235089,	65.211819
59.265165,	65.317628
59.294362,	65.215030
59.323995,	65.183327
59.353504,	65.293883
59.382257,	65.146199
59.411376,	65.155953
59.441291,	65.242794
59.473581,	65.152971
59.503660,	65.264552
59.533398,	65.154229
59.563248,	65.110173
59.593049,	65.246044
59.622646,	65.171433
59.651716,	65.144132
59.681648,	65.254053
59.711142,	65.158132
59.740296,	65.247291
59.769900,	65.194529
59.799708,	65.099492
59.830441,	65.224882
59.859484,	65.148042
59.888971,	65.128572
59.918590,	65.258973
59.948015,	65.135574
59.978889,	65.257050
60.007919,	65.182791
60.037512,	65.100707
60.067772,	65.275677
60.096254,	65.117660
60.125781,	65.113029
60.155335,	65.269468
60.184888,	65.099664
60.214833,	65.132372
60.244294,	65.210491
60.273083,	65.083277
60.302597,	65.171295
60.331727,	65.178104
60.361207,	65.090785
60.391160,	65.257721
60.420103,	65.108208
60.449848,	65.113069
60.479894,	65.173155
60.509458,	65.044302
60.538572,	65.085196
60.568327,	65.175542
60.601552,	65.039979
60.631358,	65.094503
60.661079,	65.142064
60.690170,	65.035127
60.720610,	65.173024
60.749911,	65.050586
60.780270,	65.043729
60.810243,	65.140225
60.840294,	64.997302
60.869206,	65.052398
60.898777,	65.111759
60.928342,	65.020246
60.958493,	65.139572
60.986794,	65.022206
61.016507,	65.034898
61.045931,	65.098016
61.074747,	65.008503
61.104463,	65.057334
61.133995,	65.056552
61.162688,	64.990054
61.192923,	65.148183
61.221760,	65.011053
61.251423,	64.976912
61.281320,	65.114052
61.309799,	65.012816
61.339075,	65.004221
61.369075,	65.125872
61.398334,	64.991866
61.428112,	65.114704
61.457475,	65.023363
61.486576,	64.965855
61.516536,	65.072782
61.545480,	64.991810
61.575388,	64.984351
61.604885,	65.074496
61.633974,	64.986129
61.664320,	65.132092
61.693516,	64.964614
61.722584,	65.015075
61.756008,	65.116578
61.784730,	65.001591
61.813868,	65.000390
61.842884,	65.078953
61.872191,	64.964042
61.901385,	65.107345
61.930551,	65.034922
61.959709,	64.975659
61.989536,	65.157471
62.018031,	65.020265
62.047308,	64.987477
62.077865,	65.158625
62.107229,	64.987538
62.136207,	65.020735
62.165846,	65.094945
62.194845,	64.976883
62.223517,	64.999697
62.253026,	65.140908
62.282914,	64.977475
62.313318,	65.128311
62.342335,	65.036852
62.371639,	64.974565
62.401778,	65.111668
62.430490,	65.029363
62.460053,	64.992458
62.490869,	65.142212
62.520105,	65.022926
62.549783,	64.983658
62.579348,	65.106104
62.608348,	65.022005
62.638158,	65.099237
62.668002,	65.041958
62.697850,	65.000952
62.727959,	65.186850
62.756927,	65.097095
62.786668,	65.010866
62.816258,	65.131063
62.845167,	65.050566
62.875464,	65.167502
62.908138,	65.083386
62.937722,	65.072186
62.967291,	65.165739
62.996716,	65.049363
63.026316,	65.091510
63.056372,	65.150346
63.085705,	65.051189
63.115537,	65.230811
63.144754,	65.134895
63.174468,	65.078352
63.205505,	65.225249
63.235049,	65.089694
63.265089,	65.104375
63.294743,	65.196878
63.324005,	65.101955
63.353936,	65.224199
63.383528,	65.154027
63.413103,	65.092760
63.443078,	65.278846
63.472195,	65.150925
63.501215,	65.133659
63.531010,	65.209977
63.559481,	65.131291
63.589156,	65.148583
63.618334,	65.245429
63.647436,	65.154652
63.677034,	65.293161
63.706636,	65.150400
63.736111,	65.140574
63.765929,	65.278882
63.795496,	65.170417
63.824967,	65.157942
63.854715,	65.290769
63.884013,	65.174746
63.913986,	65.237287
63.942926,	65.221792
63.972261,	65.139880
64.002138,	65.319349
64.035543,	65.154733
64.065655,	65.185870
64.094927,	65.291535
64.124371,	65.161781
64.154946,	65.302685
64.185622,	65.388653
64.216079,	65.409391
64.246206,	65.378689
64.275292,	65.190172
64.304223,	65.198886
64.333965,	65.323852
64.363564,	65.197049
64.393737,	65.257894
64.423487,	65.266583
64.452494,	65.212019
64.482681,	65.332008
64.512123,	65.253098
64.540952,	65.213204
64.571110,	65.385548
64.600159,	65.198192
64.629233,	65.245499
64.659054,	65.315289
64.688900,	65.220013
64.718856,	65.271002
64.748617,	65.304027
64.777403,	65.241169
64.807023,	65.414434
64.835955,	65.286854
64.864964,	65.258831
64.894999,	65.372611
64.924645,	65.258719
64.953976,	65.220110
64.983528,	65.346475
65.012816,	65.293424
65.042533,	65.423948
65.071553,	65.343042
65.099857,	65.270076
65.129787,	65.375099
65.158638,	65.250674
65.191992,	65.264736
65.221639,	65.367519
65.250367,	65.258034
65.280183,	65.240015
65.309821,	65.349568
65.339014,	65.236266
65.368931,	65.346419
65.398397,	65.294125
65.427868,	65.207066
65.457587,	65.341424
65.487188,	65.224417
65.516399,	65.278765
65.546121,	65.398651
65.575117,	65.224492
65.605472,	65.331343
65.634921,	65.272297
65.665164,	65.210044
65.695412,	65.359421
65.724377,	65.241953
65.753880,	65.210242
65.783089,	65.323293
65.812139,	65.224479
65.841969,	65.216225
65.871029,	65.294788
65.900710,	65.239298
65.931098,	65.313256
65.960034,	65.216242
65.989240,	65.234994
66.018514,	65.292085
66.048181,	65.202026
66.078139,	65.225623
66.107769,	65.275287
66.136748,	65.189069
66.167058,	65.318233
66.195826,	65.228801
66.225596,	65.137335
66.255472,	65.322495
66.284660,	65.213108
66.317239,	65.148519
66.347156,	65.295705
66.376484,	65.172863
66.405687,	65.198775
66.435455,	65.290324
66.464526,	65.152348
66.494109,	65.160309
66.523975,	65.290260
66.552545,	65.172210
66.581879,	65.261527
66.611130,	65.239862
66.641423,	65.115096
66.671361,	65.284588
66.699912,	65.202928
66.729612,	65.117439
66.759529,	65.252807
66.788367,	65.121247
66.819345,	65.190743
66.848683,	65.192059
66.878045,	65.151117
66.908283,	65.263327
66.937706,	65.137216
66.967416,	65.118744
66.997355,	65.223476
67.025969,	65.110090
67.055901,	65.073470
67.085419,	65.205502
67.114609,	65.075237
67.144074,	65.259559
67.174310,	65.212688
67.204245,	65.245114
67.234309,	65.193987
67.264326,	65.169737
67.294334,	65.189026
67.324142,	65.273203
67.354423,	65.205211
67.383670,	65.088997
67.413454,	65.158852
67.442564,	65.035775
67.475713,	65.137748
67.505659,	65.038208
67.535114,	65.005911
67.564896,	65.179455
67.594243,	65.007866
67.623571,	65.080128
67.653056,	65.115392
67.683007,	64.960193
67.713466,	65.138879
67.742198,	65.015379
67.772101,	64.990465
67.802131,	65.148263
67.831475,	65.003525
67.861115,	65.024485
67.890681,	65.114715
67.920116,	64.980483
67.949835,	65.004140
67.979015,	65.077044
68.008456,	65.014724
68.038519,	65.150775
68.067231,	64.998602
68.095781,	64.971402
68.126085,	65.140045
68.155908,	64.959029
68.185301,	64.968933
68.214065,	65.084994
68.243239,	64.981840
68.273227,	65.029405
68.303123,	65.085762
68.332335,	64.935496
68.362334,	65.122756
68.392616,	64.962861
68.421955,	64.958999
68.452013,	65.105965
68.481056,	65.023257
68.510197,	64.954123
68.540294,	65.055981
68.569223,	64.991728
68.599751,	65.106645
68.632761,	64.978171
68.662596,	64.995460
68.693318,	65.088705
68.723013,	64.971952
68.752758,	64.953904
68.782395,	65.060826
68.811036,	64.959092
68.841278,	65.054582
68.870548,	64.948551
68.899220,	64.968845
68.929418,	65.097372
68.958732,	65.010398
68.988837,	65.074546
69.018767,	64.990448
69.048056,	64.953366
69.078571,	65.093630
69.107425,	64.971481
69.137635,	64.947794
69.167370,	65.122799
69.196439,	64.943616
69.226541,	65.061413
69.255794,	64.975080
69.284902,	64.958867
69.314729,	65.094850
69.343404,	64.976823
69.372815,	64.960916
69.402360,	65.068953
69.431951,	64.955315
69.461649,	64.973099
69.491754,	65.056371
69.520828,	64.958411
69.551705,	65.100920
69.581003,	64.926377
69.610662,	64.952815
69.640523,	65.124536
69.670307,	64.968197
69.700946,	65.013917
69.730176,	65.065818
69.762828,	64.927495
69.793452,	65.050213
69.822578,	64.981808
69.851831,	64.940440
69.882538,	65.034878
69.912557,	64.931311
69.942108,	64.955270
69.972786,	65.051531
70.003256,	65.119516
70.034556,	65.143851
70.064970,	65.098364
70.093905,	64.950308
70.123946,	65.084325
70.152822,	64.923879
70.182351,	64.934372
70.212412,	65.031682
70.241985,	64.905321
70.271799,	64.913290
70.301329,	65.013796
70.330883,	64.889855
70.361140,	65.038448
70.391041,	65.005869
70.419870,	64.896644
70.450212,	65.037195
70.479629,	64.902835
70.508486,	64.899117
70.538207,	65.029155
70.567470,	64.935429
70.596785,	64.948371
70.626629,	64.980369
70.655662,	64.868870
70.685836,	65.057530
70.715076,	64.871924
70.744964,	64.936578
70.774910,	64.994050
70.804080,	64.871950
70.833935,	64.867602
70.864172,	64.934792
70.893384,	64.870124
70.926449,	64.992793
70.955418,	64.888045
70.984962,	64.854815
71.015076,	64.971293
71.044474,	64.857463
71.073859,	64.911242
71.103230,	64.966146
71.133291,	64.819176
71.162898,	64.984709
71.192634,	64.872625
71.222211,	64.847938
71.251956,	64.978508
71.280727,	64.871476
71.309651,	64.863400
71.339500,	64.929899
71.369178,	64.828238
71.399169,	64.982133
71.429013,	64.872991
71.458510,	64.835796
71.488717,	64.996866
71.518820,	65.046347
71.548334,	64.941449
71.578767,	64.988819
71.608135,	64.784566
71.637104,	64.812202
71.666872,	64.932851
71.696519,	64.833784
71.726116,	64.908844
71.754997,	64.904717
71.784327,	64.842959
71.814281,	64.983358
71.843347,	64.819048
71.872769,	64.856581
71.903509,	64.945788
71.932482,	64.855966
71.962087,	64.860848
71.992665,	64.962430
72.021207,	64.858385
72.053927,	64.877601
72.083459,	64.889084
72.112700,	64.793267
72.143723,	64.965487
72.173213,	64.873762
72.201955,	64.866485
72.232274,	65.022328
72.261108,	64.807235
72.290031,	64.864559
72.319745,	64.957985
72.349453,	64.865245
72.378432,	64.817858
72.408240,	64.936506
72.437115,	64.813414
72.466823,	64.942098
72.496524,	64.881845
72.526256,	64.827579
72.556174,	64.943150
72.584973,	64.809765
72.613361,	64.822109
72.643469,	64.930821
72.672319,	64.839469
72.701743,	64.882393
72.731225,	64.854545
72.759726,	64.792517
72.789844,	64.947404
72.818836,	64.803086
72.848319,	64.851533
72.878524,	64.917396
72.907840,	64.808105
72.937161,	64.820675
72.966796,	64.871324
72.995687,	64.808699
73.025933,	64.929013
73.055426,	64.778538
73.084655,	64.815285
73.114137,	64.895849
73.143768,	64.788392
73.173714,	64.817873
73.207058,	64.874907
73.236146,	64.741562
73.265636,	64.876108
73.295562,	64.819631
73.324913,	64.782711
73.355446,	64.917265
73.383860,	64.777321
73.412880,	64.784648
73.442787,	64.891457
73.471288,	64.751367
73.500771,	64.767339
73.530830,	64.925148
73.560358,	64.766155
73.590138,	64.859427
73.619347,	64.811093
73.648562,	64.734797
73.678981,	64.890794
73.707550,	64.766177
73.737194,	64.716405
73.766913,	64.876563
73.796453,	64.747823
73.826377,	64.786906
73.856690,	64.833078
73.885907,	64.805421
73.915755,	64.875407
73.944918,	64.813934
73.973485,	64.740430
74.003695,	64.875470
74.032493,	64.762586
74.061727,	64.808458
74.091026,	64.842213
74.120811,	64.730551
74.150000,	64.795221
74.179544,	64.825642
74.209506,	64.709009
74.239604,	64.871038
74.268655,	64.781438
74.296739,	64.778364
74.327664,	64.891957
74.359493,	64.737923
74.388901,	64.755582
74.417975,	64.852648
74.447138,	64.720801
74.476780,	64.828035
74.506326,	64.791838
74.534607,	64.774812
74.565086,	64.856859
74.594367,	64.789952
74.623428,	64.722647
74.653335,	64.885689
74.682506,	64.718249
74.712169,	64.752585
74.742160,	64.834886
74.771572,	64.748382
74.800802,	64.754138
74.830548,	64.836045
74.859276,	64.712637
74.889091,	64.856208
74.918453,	64.743427
74.947447,	64.780714
74.977142,	64.871667
75.005966,	64.744847
75.035044,	64.720087
75.065135,	64.853181
75.093950,	64.728700
75.122284,	64.729949
75.151903,	64.845910
75.180532,	64.731755
75.210369,	64.804749
75.239694,	64.823191
75.269045,	64.728020
75.299324,	64.842183
75.328648,	64.723773
75.358347,	64.724442
75.387467,	64.832949
75.417205,	64.721230
75.447603,	64.884014
75.479588,	64.743567
75.508079,	64.739576
75.537869,	64.829828
75.567470,	64.734846
75.596970,	64.723200
75.627448,	64.829806
75.657158,	64.731197
75.687602,	64.865498
75.717122,	64.763129
75.746121,	64.695544
75.777061,	64.902327
75.807424,	64.938789
75.837880,	64.814264
75.867272,	64.848854
75.896602,	64.762284
75.925512,	64.712059
75.955558,	64.851882
75.985322,	64.733587
76.014547,	64.705328
76.044530,	64.801513
76.073442,	64.686365
76.103184,	64.789402
76.131992,	64.765497
76.161514,	64.707288
76.191528,	64.819949
76.220491,	64.683921
76.249916,	64.706006
76.279170,	64.818722
76.308314,	64.718214
76.338357,	64.822407
76.367654,	64.755135
76.396501,	64.674049
76.426818,	64.830381
76.455694,	64.692574
76.484603,	64.677071
76.514495,	64.770311
76.543709,	64.661153
76.573441,	64.753012
76.602835,	64.765545
76.634956,	64.654267
76.664900,	64.822981
76.694432,	64.678923
76.724600,	64.688076
76.754175,	64.803362
76.783530,	64.658756
76.812878,	64.788010
76.842508,	64.735459
76.871306,	64.650303
76.901264,	64.824779
76.930375,	64.677334
76.959399,	64.667316
76.989182,	64.811359
77.019524,	64.696140
77.048790,	64.701025
77.078258,	64.765472
77.107291,	64.654584
77.137446,	64.787984
77.166173,	64.669359
77.195847,	64.653762
77.225681,	64.809980
77.254340,	64.677120
77.283953,	64.663766
77.313136,	64.848752
77.342924,	64.664353
77.372943,	64.736495
77.402817,	64.783637
77.432370,	64.709534
77.461998,	64.703403
77.491201,	64.690161
77.521142,	64.637354
77.551422,	64.795922
77.580417,	64.646511
77.609162,	64.657571
77.638820,	64.775722
77.668575,	64.633611
77.699044,	64.749894
77.728541,	64.751214
77.760773,	64.648296
77.790531,	64.790991
77.819434,	64.645368
77.847959,	64.640959
77.878437,	64.785400
77.907252,	64.636913
77.935845,	64.655685
77.965752,	64.756063
77.994801,	64.649049
78.024781,	64.705752
78.054331,	64.728460
78.083928,	64.631324
78.114246,	64.777548
78.143196,	64.631897
78.173187,	64.636213
78.202528,	64.752912
78.231785,	64.633069
78.260336,	64.621964
78.289460,	64.729163
78.318195,	64.613559
78.347970,	64.762719
78.377711,	64.607981
78.408212,	64.625754
78.438186,	64.711870
78.467568,	64.616794
78.497086,	64.637227
78.526783,	64.678801
78.556085,	64.588487
78.585847,	64.751780
78.615523,	64.610992
78.644380,	64.642025
78.674992,	64.746866
78.704136,	64.642995
78.732923,	64.593228
78.763292,	64.757159
78.792611,	64.617115
78.822665,	64.556585
78.852164,	64.720313
78.880757,	64.637331
78.913186,	64.632464
78.942810,	64.694360
78.971816,	64.575450
79.001547,	64.764450
79.030573,	64.577964
79.060292,	64.582879
79.090531,	64.734443
79.119477,	64.635403
79.149019,	64.644566
79.178216,	64.664894
79.207192,	64.571422
79.237043,	64.713034
79.266305,	64.586111
79.295572,	64.600720
79.325490,	64.700114
79.354747,	64.593977
79.383956,	64.573683
79.414316,	64.686075
79.443437,	64.613551
79.473064,	64.631195
79.502574,	64.636610
79.532076,	64.557207
79.561565,	64.707548
79.590299,	64.557242
79.619846,	64.622585
79.649286,	64.735117
79.678438,	64.557756
79.708011,	64.643530
79.737463,	64.631842
79.767084,	64.575008
79.797994,	64.706285
79.827121,	64.625715
79.856651,	64.577463
79.886834,	64.693314
79.915807,	64.576180
79.945547,	64.551861
79.975327,	64.703238
80.005602,	64.540763
80.035460,	64.692222
80.068025,	64.573202
80.097157,	64.575671
80.126902,	64.665897
80.156087,	64.596413
80.185746,	64.556017
80.215903,	64.630492
80.245162,	64.533444
80.275259,	64.682379
80.304336,	64.561413
80.333626,	64.562729
80.363908,	64.658493
80.393147,	64.539628
80.423297,	64.585865
80.453587,	64.631700
80.483488,	64.606665
80.513389,	64.678740
80.543541,	64.520651
80.573677,	64.546915
80.603083,	64.658610
80.633385,	64.552367
80.663954,	64.660262
80.693360,	64.528516
80.722657,	64.542586
80.752571,	64.656220
80.781968,	64.546360
80.811651,	64.549322
80.841839,	64.707310
80.870825,	64.524954
80.900321,	64.621797
80.929181,	64.589575
80.958573,	64.545693
80.988802,	64.669596
81.017630,	64.541926
81.047031,	64.554802
81.076714,	64.637791
81.105751,	64.529113
81.135638,	64.599865
81.164608,	64.606131
81.197901,	64.552331
81.227835,	64.702566
81.257075,	64.529826
81.286803,	64.569454
81.316193,	64.613927
81.345743,	64.510928
81.375400,	64.527256
81.404649,	64.625514
81.434362,	64.527324
81.465102,	64.689725
81.494550,	64.529189
81.523509,	64.557766
81.553779,	64.684042
81.583594,	64.745989
81.613162,	64.623118
81.643158,	64.649224
81.672513,	64.531064
81.701643,	64.529126
81.731644,	64.634570
81.760543,	64.475546
81.790125,	64.537016
81.819807,	64.586996
81.848971,	64.487069
81.880248,	64.643750
81.909312,	64.549209
81.938219,	64.497405
81.968087,	64.669478
81.997268,	64.529737
82.027371,	64.491891
82.056731,	64.615570
82.085619,	64.466340
82.115009,	64.564356
82.145031,	64.562842
82.174543,	64.515107
82.204285,	64.632020
82.233666,	64.550505
82.262791,	64.503579
82.292170,	64.597312
82.321346,	64.510847
82.354551,	64.512105
82.384034,	64.561969
82.413375,	64.492666
82.443985,	64.620482
82.473387,	64.504804
82.502305,	64.498127
82.532186,	64.560037
82.561866,	64.467620
82.591316,	64.601586
82.621128,	64.621230
82.650286,	64.436473
82.681195,	64.636227
82.710724,	64.470521
82.740575,	64.490120
82.770028,	64.572306
82.798717,	64.459652
82.828836,	64.479111
82.858234,	64.626001
82.886812,	64.467619
82.915981,	64.551021
82.945649,	64.558974
82.975146,	64.474769
83.005333,	64.596655
83.034793,	64.488249
83.063922,	64.497982
83.093384,	64.600391
83.122501,	64.465821
83.152984,	64.612572
83.181745,	64.520501
83.211184,	64.490104
83.241231,	64.574631
83.270442,	64.525443
83.299704,	64.530345
83.329590,	64.618748
83.359265,	64.483461
83.388462,	64.481569
83.417441,	64.590662
83.446958,	64.443221
83.480451,	64.563249
83.509688,	64.524110
83.539096,	64.462643
83.569551,	64.654859
83.598311,	64.527434
83.628203,	64.506048
83.657734,	64.593063
83.687703,	64.454763
83.717869,	64.606439
83.747292,	64.492636
83.777226,	64.456623
83.807050,	64.622263
83.835919,	64.479857
83.866170,	64.500903
83.895255,	64.588157
83.925070,	64.470667
83.955194,	64.603439
83.984226,	64.541316
84.012930,	64.495663
84.043128,	64.608272
84.072624,	64.470601
84.101901,	64.476814
84.132527,	64.588108
84.161403,	64.458494
84.191168,	64.534021
84.220183,	64.546202
84.249071,	64.524836
84.278924,	64.655887
84.307821,	64.524758
84.337135,	64.479124
84.366923,	64.596126
84.396206,	64.466967
84.426357,	64.490668
84.456381,	64.595589
84.485420,	64.489579
84.515086,	64.610127
84.544848,	64.443789
84.574284,	64.453671
84.604494,	64.596043
84.637555,	64.484057
84.668202,	64.543712
84.697287,	64.546679
84.726603,	64.471938
84.756319,	64.602210
84.785566,	64.458884
84.815453,	64.452894
84.844769,	64.575916
84.874002,	64.453636
84.903413,	64.468673
84.933227,	64.574778
84.962501,	64.478484
84.992879,	64.594805
85.022172,	64.499221
85.051405,	64.462639
85.081266,	64.570330
85.110409,	64.473805
85.140110,	64.460287
85.170726,	64.577825
85.199837,	64.441980
85.230174,	64.488168
85.259278,	64.512097
85.289123,	64.426202
85.318738,	64.585091
85.347860,	64.497343
85.377264,	64.462058
85.407888,	64.621561
85.437721,	64.622779
85.466884,	64.513908
85.496914,	64.594217
85.526436,	64.453119
85.556038,	64.437124
85.585953,	64.565519
85.615299,	64.477287
85.644803,	64.455472
85.674590,	64.550931
85.704075,	64.496748
85.733738,	64.518553
85.763289,	64.519281
85.796754,	64.397655
85.827311,	64.553871
85.856441,	64.445038
85.886012,	64.477993
85.916724,	64.549698
85.945518,	64.429388
85.975396,	64.472902
86.005338,	64.508299
86.034449,	64.403576
86.064319,	64.556879
86.093695,	64.475356
86.123221,	64.418853
86.153207,	64.562965
86.181967,	64.424389
86.211136,	64.445578
86.240738,	64.517939
86.270372,	64.417712
86.299437,	64.415758
86.329498,	64.496115
86.358443,	64.415844
86.388854,	64.515503
86.418297,	64.458243
86.447509,	64.414059
86.477195,	64.516208
86.506923,	64.410951
86.537229,	64.522711
86.566408,	64.418738
86.595998,	64.452441
86.625251,	64.469292
86.654594,	64.387917
86.684043,	64.405417
86.714386,	64.479049
86.744239,	64.435301
86.774412,	64.527595
86.803072,	64.407846
86.832657,	64.414644
86.862941,	64.509839
86.891837,	64.379397
86.925218,	64.452798
86.954550,	64.440647
86.984118,	64.368959
87.014616,	64.540388
87.043195,	64.397616
87.073084,	64.375719
87.103176,	64.527556
87.132479,	64.376305
87.162101,	64.432256
87.192029,	64.460667
87.221115,	64.380063
87.251406,	64.518475
87.280820,	64.387895
87.310175,	64.379911
87.341030,	64.542093
87.370950,	64.616062
87.400841,	64.487578
87.430325,	64.477013
87.460135,	64.438773
87.490276,	64.363002
87.519465,	64.475274
87.548678,	64.373339
87.578721,	64.509315
87.608459,	64.341061
87.638460,	64.372085
87.668170,	64.483690
87.698334,	64.355664
87.727387,	64.385987
87.756172,	64.446135
87.784954,	64.369528
87.814642,	64.515907
87.844234,	64.418687
87.873752,	64.363522
87.903841,	64.486867
87.932759,	64.365489
87.962781,	64.378046
87.992285,	64.470323
88.021129,	64.325880
88.051159,	64.455107
88.083582,	64.374978
88.114175,	64.496377
88.143453,	64.506080
88.172794,	64.534739
88.203891,	64.508471
88.233682,	64.518340
88.264282,	64.575114
88.293203,	64.361672
88.322978,	64.479467
88.352157,	64.348513
88.381360,	64.350180
88.410799,	64.454531
88.440121,	64.346065
88.469329,	64.385387
88.499415,	64.458159
88.528966,	64.319950
88.558601,	64.379860
88.588000,	64.365312
88.617150,	64.372551
88.646955,	64.456900
88.676546,	64.310698
88.706133,	64.352694
88.736158,	64.475843
88.766030,	64.368353
88.796052,	64.418676
88.825466,	64.441288
88.855109,	64.357588
88.884824,	64.489210
88.913806,	64.354445
88.942902,	64.330148
88.972804,	64.463845
89.001626,	64.295570
89.031638,	64.336801
89.061287,	64.457557
89.090603,	64.342344
89.120933,	64.415710
89.150716,	64.353234
89.179893,	64.307621
89.212735,	64.471543
89.241760,	64.310172
89.271823,	64.307696
89.301716,	64.422225
89.331026,	64.318106
89.361006,	64.422329
89.389685,	64.315014
89.418983,	64.287025
89.448605,	64.422299
89.478142,	64.271229
89.508038,	64.464829
89.536936,	64.328414
89.566261,	64.301589
89.595974,	64.427708
89.625189,	64.277982
89.654817,	64.325249
89.684550,	64.407868
89.714066,	64.309672
89.744043,	64.448442
89.772547,	64.327267
89.802243,	64.267135
89.832909,	64.460969
89.862265,	64.343430
89.891636,	64.279703
89.921416,	64.392496
89.950817,	64.291256
89.980443,	64.448432
90.009711,	64.341056
90.038801,	64.294534
90.069138,	64.337266
90.098245,	64.278019
90.127806,	64.346449
90.157205,	64.398722
90.187118,	64.336141
90.217318,	64.450196
90.246684,	64.329672
90.276209,	64.295730
90.305899,	64.416808
90.335182,	64.290057
90.368667,	64.305184
90.397960,	64.407030
90.427324,	64.270761
90.457522,	64.404674
90.486962,	64.336103
90.516215,	64.303589
90.545887,	64.442877
90.575272,	64.342116
90.604546,	64.287879
90.633792,	64.426495
90.662995,	64.268828
90.692310,	64.320388
90.722538,	64.393018
90.751660,	64.310123
90.781246,	64.329928
90.811072,	64.356083
90.840556,	64.283529
90.871334,	64.426999
90.900160,	64.308832
90.929422,	64.299499
90.959348,	64.386510
90.989138,	64.263446
91.018852,	64.387621
91.048717,	64.327715
91.078120,	64.278536
91.108382,	64.405167
91.137360,	64.262723
91.166240,	64.334353
91.196050,	64.388803
91.225545,	64.329475
91.254649,	64.292625
91.284488,	64.394776
91.313454,	64.251354
91.343208,	64.401561
91.372611,	64.342774
91.401286,	64.291926
91.431511,	64.367578
91.461314,	64.253674
91.491123,	64.298024
91.524409,	64.359062
91.553667,	64.263531
91.584020,	64.389953
91.613481,	64.318656
91.641797,	64.310295
91.672543,	64.382719
91.701985,	64.270062
91.732096,	64.246593
91.761954,	64.320388
91.791549,	64.237385
91.821172,	64.382732
91.850022,	64.282944
91.879558,	64.236142
91.910067,	64.378861
91.939776,	64.301557
91.969125,	64.238628
91.999573,	64.333571
92.028958,	64.237440
92.058756,	64.331784
92.088275,	64.331937
92.117750,	64.283985
92.147597,	64.363818
92.176884,	64.217497
92.207036,	64.257921
92.237401,	64.331731
92.266273,	64.300269
92.296324,	64.254918
92.325913,	64.393847
92.354615,	64.248318
92.384412,	64.366809
92.413703,	64.227176
92.443179,	64.207319
92.473163,	64.316666
92.502084,	64.212622
92.532865,	64.309261
92.562234,	64.301773
92.591706,	64.224629
92.621721,	64.381405
92.654408,	64.273095
92.683213,	64.209547
92.713350,	64.398981
92.742133,	64.233854
92.771393,	64.254875
92.800776,	64.381596
92.830008,	64.237956
92.859378,	64.339078
92.889297,	64.218586
92.918272,	64.222813
92.948143,	64.318449
92.977448,	64.252011
93.006115,	64.259806
93.035521,	64.368829
93.064938,	64.192648
93.095210,	64.295253
93.125735,	64.396486
93.156289,	64.450605
93.185659,	64.352170
93.215056,	64.234356
93.244153,	64.224663
93.273663,	64.405650
93.302566,	64.177013
93.332757,	64.229491
93.362241,	64.311076
93.391544,	64.230187
93.421692,	64.319674
93.450837,	64.244009
93.479958,	64.167293
93.509536,	64.306211
93.538560,	64.220487
93.568175,	64.195000
93.598140,	64.304458
93.626933,	64.173362
93.657456,	64.266251
93.686493,	64.268282
93.715877,	64.224835
93.745829,	64.326838
93.774710,	64.179320
93.806805,	64.149676
93.836748,	64.266316
93.865278,	64.210807
93.895578,	64.312848
93.923880,	64.185489
93.953117,	64.208992
93.982950,	64.330387
94.012683,	64.224569
94.042659,	64.188490
94.071605,	64.290631
94.100619,	64.175165
94.130519,	64.312284
94.159936,	64.248200
94.189104,	64.176934
94.219282,	64.298311
94.248815,	64.129820
94.278186,	64.161904
94.307945,	64.291625
94.337117,	64.153428
94.366995,	64.311673
94.395848,	64.252488
94.425204,	64.160021
94.455620,	64.291040
94.484641,	64.180129
94.515020,	64.153457
94.544955,	64.284339
94.574294,	64.161388
94.604026,	64.208226
94.633433,	64.271209
94.662286,	64.158371
94.692621,	64.311533
94.721791,	64.214933
94.751337,	64.162981
94.780897,	64.253583
94.809892,	64.144849
94.839207,	64.175690
94.869135,	64.320201
94.897574,	64.164930
94.931346,	64.219160
94.960274,	64.238756
94.989065,	64.164269
95.019216,	64.283064
95.049136,	64.187742
95.078411,	64.185348
95.108582,	64.336572
95.137763,	64.178004
95.167044,	64.230722
95.196732,	64.257379
95.226407,	64.145680
95.256146,	64.286159
95.284914,	64.168588
95.314432,	64.152225
95.343939,	64.325678
95.373133,	64.145479
95.403256,	64.211210
95.432528,	64.268618
95.461545,	64.169152
95.492419,	64.249346
95.521681,	64.141952
95.550407,	64.158808
95.580276,	64.297711
95.608940,	64.179330
95.637268,	64.167885
95.666003,	64.223413
95.694959,	64.136615
95.725092,	64.279478
95.754337,	64.194926
95.783380,	64.127374
95.813202,	64.253611
95.842550,	64.131720
95.872277,	64.145618
95.901739,	64.244567
95.930433,	64.143138
95.960563,	64.252915
95.989381,	64.222758
96.018896,	64.159520
96.049068,	64.245014
96.082636,	64.192529
96.111532,	64.157672
96.141610,	64.248707
96.171245,	64.123811
96.201972,	64.260726
96.230854,	64.160171
96.260252,	64.182905
96.289985,	64.268590
96.318902,	64.121975
96.348208,	64.151490
96.378473,	64.250404
96.407581,	64.115406
96.437793,	64.196199
96.468236,	64.240853
96.497254,	64.167492
96.526672,	64.175591
96.556659,	64.214928
96.585551,	64.114848
96.615943,	64.271607
96.644809,	64.127496
96.674463,	64.129247
96.704903,	64.269111
96.733708,	64.136540
96.762611,	64.071931
96.792771,	64.278753
96.821912,	64.120384
96.851212,	64.167289
96.880828,	64.184207
96.910081,	64.121341
96.940678,	64.295265
96.969715,	64.158213
96.999101,	64.125233
97.028899,	64.214898
97.057972,	64.104583
97.087667,	64.091815
97.117498,	64.209953
97.146204,	64.141867
97.175705,	64.309220
97.205061,	64.138494
97.238181,	64.089396
97.267814,	64.216532
97.296502,	64.100395
97.325826,	64.147316
97.355438,	64.181618
97.384535,	64.088780
97.415421,	64.263693
97.444919,	64.194208
97.474232,	64.180386
97.504477,	64.196744
97.533517,	64.122499
97.562819,	64.079783
97.592129,	64.194339
97.620957,	64.094253
97.651191,	64.235232
97.680185,	64.135832
